A[C>A]A	A[C>A]C	A[C>A]G	A[C>A]T	C[C>A]A	C[C>A]C	C[C>A]G	C[C>A]T	G[C>A]A	G[C>A]C	G[C>A]G	G[C>A]T	T[C>A]A	T[C>A]C	T[C>A]G	T[C>A]T	A[C>G]A	A[C>G]C	A[C>G]G	A[C>G]T	C[C>G]A	C[C>G]C	C[C>G]G	C[C>G]T	G[C>G]A	G[C>G]C	G[C>G]G	G[C>G]T	T[C>G]A	T[C>G]C	T[C>G]G	T[C>G]T	A[C>T]A	A[C>T]C	A[C>T]G	A[C>T]T	C[C>T]A	C[C>T]C	C[C>T]G	C[C>T]T	G[C>T]A	G[C>T]C	G[C>T]G	G[C>T]T	T[C>T]A	T[C>T]C	T[C>T]G	T[C>T]T	A[T>A]A	A[T>A]C	A[T>A]G	A[T>A]T	C[T>A]A	C[T>A]C	C[T>A]G	C[T>A]T	G[T>A]A	G[T>A]C	G[T>A]G	G[T>A]T	T[T>A]A	T[T>A]C	T[T>A]G	T[T>A]T	A[T>C]A	A[T>C]C	A[T>C]G	A[T>C]T	C[T>C]A	C[T>C]C	C[T>C]G	C[T>C]T	G[T>C]A	G[T>C]C	G[T>C]G	G[T>C]T	T[T>C]A	T[T>C]C	T[T>C]G	T[T>C]T	A[T>G]A	A[T>G]C	A[T>G]G	A[T>G]T	C[T>G]A	C[T>G]C	C[T>G]G	C[T>G]T	G[T>G]A	G[T>G]C	G[T>G]G	G[T>G]T	T[T>G]A	T[T>G]C	T[T>G]G	T[T>G]T
Biliary_E	0	0	0	0	0.01	0.01	0	0.04	0	0	0	0	0	0	0	0.01	0	0	0	0	0	0	0	0	0	0	0	0	0	0	0	0	0.03	0.01	0.01	0.01	0	0.01	0	0	0.03	0.05	0.02	0.03	0.01	0.01	0	0.01	0.02	0.02	0	0.01	0	0	0	0	0	0.01	0	0	0.01	0	0	0.01	0.04	0.01	0.03	0.02	0.03	0.01	0.03	0.02	0.08	0.02	0.05	0.06	0.05	0.02	0.02	0.04	0	0	0	0	0	0	0	0	0	0	0	0	0	0	0	0
Breast_A	0	0	0	0	0.01	0.03	0.01	0.07	0	0	0	0.01	0	0	0	0.01	0	0	0	0	0	0	0	0	0	0	0	0	0	0	0	0	0.06	0.02	0.04	0.02	0.01	0.01	0.02	0.01	0.07	0.07	0.05	0.05	0.01	0.01	0.01	0.01	0.01	0	0	0.03	0	0	0	0	0	0	0	0	0.01	0	0	0.02	0.02	0.01	0.03	0	0.02	0.01	0.03	0.01	0.03	0.01	0.02	0.01	0.03	0.01	0.02	0.02	0	0	0	0	0	0	0	0.01	0	0	0	0	0	0	0	0.01
Colorectal_E	0	0	0	0	0.01	0.02	0	0.06	0	0	0	0.01	0	0	0	0	0	0	0	0	0	0	0	0	0	0	0	0	0	0	0	0	0.04	0.01	0.04	0.02	0.01	0.01	0.03	0	0.03	0.04	0.05	0.03	0	0	0.01	0	0	0	0	0.01	0	0	0	0	0	0	0	0	0.01	0	0	0	0.04	0.02	0.06	0.01	0.03	0.02	0.06	0.02	0.03	0.02	0.04	0.02	0.01	0.02	0.02	0.02	0	0	0	0	0	0.01	0.02	0.01	0	0	0	0.01	0	0	0	0.01
Colorectal_F	0	0	0	0	0.01	0.01	0	0.03	0	0	0	0	0	0	0	0	0	0	0	0	0	0	0	0	0	0	0	0	0	0	0	0	0.03	0.01	0.01	0.01	0.01	0.02	0.01	0.03	0.04	0.08	0.03	0.06	0.02	0.02	0.01	0.02	0.01	0.01	0	0.02	0	0	0	0	0	0.01	0	0	0.01	0	0	0	0.04	0.01	0.02	0.02	0.02	0.01	0.02	0.01	0.06	0.02	0.04	0.04	0.04	0.02	0.02	0.03	0	0	0	0	0	0	0	0	0	0	0	0	0	0	0	0
Kidney_D	0	0	0	0	0.01	0.02	0	0.04	0	0	0	0	0.01	0	0	0.02	0.01	0	0	0	0	0	0	0	0	0	0	0	0	0	0	0	0.03	0.01	0.04	0.01	0.01	0.01	0.03	0.02	0.03	0.03	0.04	0.03	0.01	0.01	0.01	0.01	0.02	0.01	0	0.02	0	0.01	0	0.01	0	0.01	0	0	0.01	0.01	0	0.01	0.04	0.01	0.02	0.02	0.03	0.01	0.02	0.02	0.04	0.01	0.02	0.03	0.04	0.02	0.02	0.04	0	0	0	0.01	0	0	0	0	0	0	0	0	0	0	0	0
Liver_E	0	0	0	0.01	0.01	0.02	0	0.05	0	0	0	0.01	0	0.01	0	0.01	0	0	0	0	0	0	0	0	0	0	0	0	0	0	0	0	0.03	0.02	0.07	0.01	0.01	0.01	0.05	0.01	0.04	0.05	0.08	0.03	0.01	0.01	0.03	0.01	0.01	0.01	0	0.02	0	0	0	0	0	0.01	0	0	0.01	0	0	0	0.02	0.01	0.02	0.01	0.02	0.01	0.02	0.01	0.04	0.01	0.02	0.02	0.03	0.01	0.02	0.03	0	0	0	0	0	0	0.01	0.01	0	0	0	0	0	0	0	0
Pancreas_G	0	0	0	0	0.01	0.01	0	0.02	0	0.01	0	0.01	0	0.01	0	0.02	0	0	0	0	0	0	0	0	0	0	0	0	0	0	0	0	0.03	0.03	0.05	0.01	0.01	0.01	0.04	0.01	0.07	0.09	0.11	0.06	0.01	0.04	0.03	0.02	0.03	0.03	0	0.02	0	0.01	0	0	0.01	0.01	0	0	0.02	0.01	0	0.01	0.01	0	0.01	0	0	0	0	0	0.02	0.01	0.01	0.01	0.02	0.01	0.01	0.02	0	0	0	0	0	0	0	0	0	0	0	0	0	0	0	0
Stomach_A	0	0	0	0	0	0	0	0.04	0	0.01	0	0.02	0	0	0	0.01	0	0	0	0	0	0	0	0	0	0	0	0	0	0	0	0	0.01	0.02	0.01	0.01	0.01	0.02	0.01	0.01	0.03	0.06	0.03	0.03	0.01	0.01	0.01	0.01	0.03	0.04	0	0.02	0	0.01	0	0	0.01	0.03	0.01	0.01	0.01	0.01	0	0	0.02	0.01	0	0.02	0.03	0.01	0.01	0.02	0.06	0.02	0.03	0.05	0.04	0.03	0.01	0.03	0	0	0	0	0	0	0	0.01	0	0	0	0.01	0	0	0	0
Stomach_B	0	0	0	0.01	0.01	0.02	0	0.09	0.01	0.01	0	0.04	0	0.01	0	0.02	0	0	0	0	0	0	0	0	0	0	0	0	0	0	0	0	0.01	0.01	0.02	0.01	0	0	0.01	0.01	0.01	0.03	0.07	0.04	0	0.01	0.01	0.01	0	0	0	0.02	0	0	0	0	0	0	0	0	0.01	0	0	0.01	0.04	0.02	0.04	0.02	0.02	0.03	0.05	0.03	0.01	0.02	0.03	0	0	0.02	0.01	0.02	0	0	0	0.01	0	0.01	0.02	0	0	0.01	0.01	0.03	0	0	0	0.01
Stomach_H	0	0	0	0	0.01	0.02	0	0.05	0	0	0	0.01	0	0	0	0.01	0	0	0	0	0	0	0	0	0	0	0	0	0	0	0	0	0.05	0.01	0.04	0.01	0.01	0.01	0.03	0.01	0.05	0.05	0.07	0.03	0	0.01	0.01	0	0	0	0	0.02	0	0	0	0	0	0	0	0	0.01	0	0	0	0.03	0.01	0.03	0.01	0.02	0.01	0.03	0.01	0.06	0.02	0.04	0.04	0.03	0.02	0.02	0.03	0	0	0	0	0	0.01	0.01	0.01	0	0	0	0	0	0	0	0
Uterus_C	0	0	0	0	0.01	0.02	0.01	0.05	0	0	0	0	0	0	0	0	0	0	0	0	0	0	0	0	0	0	0	0	0	0	0	0	0.07	0.02	0.06	0.02	0.01	0.02	0.04	0.01	0.07	0.06	0.06	0.05	0.01	0.02	0.02	0.01	0	0	0	0.02	0	0	0	0	0	0	0	0	0	0	0	0.01	0.02	0.01	0.03	0	0.01	0.01	0.03	0.01	0.02	0.01	0.02	0.01	0.02	0.01	0.02	0.02	0	0	0	0	0	0	0	0	0	0	0	0	0	0	0	0
Uterus_J	0	0	0	0.01	0.02	0.01	0	0.06	0	0	0	0.01	0	0	0	0.02	0.01	0	0	0.01	0	0	0	0	0.01	0.01	0	0	0	0	0	0.01	0.04	0.02	0	0.02	0.02	0.02	0	0.02	0.04	0.04	0.03	0.04	0.03	0.02	0	0.04	0.03	0.02	0	0.01	0	0	0	0	0	0.01	0	0.01	0.01	0.01	0	0.01	0.02	0.01	0.01	0.02	0.02	0.01	0	0.01	0.04	0.01	0.01	0.03	0.03	0.02	0.01	0.03	0	0	0	0	0	0	0	0	0	0	0	0	0	0	0	0
Bone_SoftTissue_B	0	0.01	0	0.01	0	0.01	0	0.02	0	0.01	0	0.01	0.01	0.01	0	0.02	0.01	0.01	0	0.01	0.01	0.01	0	0.01	0	0	0	0.01	0.02	0.01	0	0.02	0.01	0	0	0.01	0	0.01	0	0.01	0	0.01	0.01	0	0.02	0.01	0.01	0.01	0.01	0	0	0.02	0	0.01	0.01	0.03	0	0	0.01	0.01	0.02	0.01	0.01	0.02	0.02	0.01	0.01	0.01	0.02	0.04	0.03	0.02	0.03	0.02	0.02	0.03	0.04	0.05	0.02	0.03	0.01	0.01	0.01	0	0	0.01	0.01	0	0	0	0	0.01	0.01	0	0.01	0
Breast_D	0	0	0	0	0	0	0	0	0	0	0	0	0	0	0	0.01	0	0	0	0	0	0	0	0	0	0	0	0	0	0	0	0	0	0	0.01	0	0	0	0.01	0	0	0.02	0.03	0.01	0	0.01	0	0.01	0.01	0	0	0.02	0	0	0	0	0	0	0	0	0.01	0	0	0.01	0.07	0.02	0.06	0.04	0.04	0.02	0.06	0.03	0.08	0.03	0.05	0.06	0.06	0.04	0.04	0.06	0	0	0	0	0	0.01	0.01	0	0	0	0	0	0	0	0	0.01
CNS_E	0.01	0.01	0	0.01	0	0	0	0	0	0	0	0	0	0	0	0	0	0	0	0.01	0	0	0	0.01	0	0.01	0	0	0.01	0	0	0.02	0.01	0	0.03	0	0	0	0.02	0	0	0.02	0.04	0.01	0.01	0.01	0.01	0.01	0.01	0.01	0.01	0.01	0.01	0	0	0	0	0	0	0	0	0	0	0.01	0.06	0.03	0.04	0.06	0.02	0.02	0.02	0.02	0.04	0.04	0.02	0.04	0.03	0.03	0.03	0.04	0.01	0	0	0.01	0	0	0	0	0	0	0.01	0.01	0	0	0.01	0.01
Liver_H	0.01	0	0	0	0.01	0.01	0	0	0.01	0	0	0	0.01	0	0	0.01	0	0	0	0	0	0	0	0	0	0	0	0	0	0	0	0	0.01	0	0	0	0.01	0	0	0.01	0.01	0	0	0	0	0	0	0	0	0	0	0	0	0.01	0	0	0	0.01	0	0	0	0.02	0	0.01	0.08	0.05	0.04	0.03	0.04	0.06	0.03	0.05	0.06	0.03	0.03	0.03	0.08	0.05	0.04	0.05	0	0	0	0	0	0	0	0	0	0	0	0	0	0	0	0
Lymphoid_D	0	0	0	0	0.01	0	0	0.01	0	0	0	0	0	0	0	0.01	0	0	0	0.01	0	0	0	0	0	0	0	0	0	0	0	0	0.01	0	0.01	0.01	0.01	0.01	0.02	0.01	0	0	0.01	0	0	0	0.01	0.01	0.03	0.01	0.01	0.03	0.01	0	0	0	0.01	0	0	0	0.03	0	0.01	0.01	0.07	0.03	0.04	0.06	0.04	0.02	0.03	0.05	0.04	0.01	0.02	0.04	0.04	0.03	0.03	0.07	0.01	0	0.01	0.01	0.02	0	0.01	0	0.01	0	0	0	0	0	0.01	0.01
Ovary_F	0.01	0	0	0	0	0.01	0	0.01	0	0	0	0	0	0	0	0.01	0	0	0	0	0	0	0	0	0	0	0	0	0.01	0	0	0.01	0.01	0	0.01	0	0	0	0.01	0.01	0	0.01	0.03	0.01	0.01	0	0	0.01	0.01	0.01	0	0.04	0	0	0	0	0	0	0.01	0	0.01	0	0	0.01	0.06	0.02	0.05	0.02	0.03	0.02	0.04	0.04	0.04	0.02	0.04	0.02	0.03	0.03	0.02	0.05	0.01	0	0	0.01	0	0.01	0.01	0.02	0	0	0	0.01	0	0	0.01	0.02
Pancreas_H	0	0	0	0.01	0.02	0.02	0	0.07	0	0	0	0.01	0	0	0	0.02	0	0	0	0	0	0	0	0	0	0	0	0	0	0	0	0	0	0	0	0	0	0.01	0	0.01	0	0.01	0.02	0	0	0	0	0.01	0	0	0	0.02	0	0	0	0	0	0	0	0	0	0	0	0	0.06	0.02	0.06	0.03	0.05	0.03	0.06	0.05	0.05	0.02	0.04	0.03	0.04	0.02	0.03	0.04	0	0	0	0.01	0	0.01	0.01	0	0	0	0	0	0	0	0	0
Skin_H	0.01	0	0	0	0.01	0.01	0	0.02	0	0.01	0	0	0.01	0.01	0	0.02	0.04	0.02	0	0.02	0.01	0.01	0	0.01	0.02	0.02	0	0.01	0.02	0.01	0	0.02	0.01	0	0	0	0.01	0.02	0	0	0.01	0.01	0.01	0.01	0.02	0.03	0.01	0.01	0.02	0	0.01	0.02	0.01	0	0.01	0	0.01	0	0	0	0.02	0	0	0.01	0.03	0.02	0.02	0.03	0.02	0.01	0.01	0.01	0.03	0.02	0.02	0.02	0.03	0.03	0.01	0.03	0.02	0.01	0	0.01	0	0	0	0	0	0	0	0	0.02	0	0	0.01
Uterus_D	0	0	0	0	0	0.01	0	0.01	0	0	0	0	0	0	0	0	0	0	0	0	0	0	0	0	0	0	0	0	0	0	0	0	0.01	0	0.02	0	0	0	0.01	0	0.01	0.01	0.02	0.01	0	0	0.01	0	0.01	0	0.01	0.03	0	0	0.01	0	0.01	0	0.01	0	0.01	0	0	0.01	0.07	0.02	0.07	0.03	0.04	0.02	0.07	0.04	0.08	0.02	0.07	0.06	0.02	0.01	0.01	0.03	0	0	0	0.01	0	0.01	0.01	0.01	0	0	0	0.01	0	0	0	0.01
Uterus_E	0.01	0.01	0	0.01	0	0	0	0	0.01	0	0	0	0	0	0	0	0.01	0	0	0.01	0	0	0	0	0	0	0	0	0	0	0	0.01	0.01	0.01	0	0	0.01	0.01	0.01	0.01	0	0.01	0.03	0.01	0	0.01	0	0.01	0.03	0.01	0	0.05	0	0	0	0	0.01	0	0.01	0	0.02	0	0	0.02	0.05	0.02	0.03	0.01	0.03	0.03	0.04	0.03	0.02	0.01	0.01	0	0.06	0.04	0.04	0.07	0.01	0	0	0.01	0	0.01	0.01	0.01	0	0	0	0.01	0	0	0.01	0.02
MSH2	0	0	0	0.01	0.02	0.03	0.01	0.1	0	0	0	0.01	0	0	0	0.02	0	0	0	0	0	0	0	0	0	0	0	0	0	0	0	0	0.07	0.02	0.03	0.03	0.01	0.01	0.02	0.02	0.08	0.05	0.04	0.06	0.01	0.01	0.01	0.01	0	0	0	0.02	0	0	0	0	0	0	0	0	0	0	0	0	0.02	0.01	0.03	0.01	0.02	0.01	0.03	0.01	0.01	0.01	0.01	0.01	0.02	0.01	0.02	0.01	0	0	0	0	0	0	0	0.01	0	0	0	0	0	0	0	0
MSH6	0	0	0	0.01	0.02	0.03	0.01	0.1	0	0	0	0.01	0	0	0	0.01	0	0	0	0	0	0	0	0	0	0	0	0	0	0	0	0	0.07	0.02	0.03	0.03	0.01	0.01	0.01	0.01	0.07	0.06	0.03	0.05	0.01	0.01	0.01	0.01	0	0	0	0.01	0	0	0	0	0	0	0	0	0	0	0	0	0.02	0.01	0.04	0.01	0.02	0.02	0.04	0.01	0.02	0.01	0.02	0.01	0.02	0.01	0.02	0.01	0	0	0	0	0	0	0	0.01	0	0	0	0	0	0	0	0
MLH1	0	0	0	0.01	0.02	0.03	0.01	0.09	0	0	0	0.01	0	0	0	0.01	0	0	0	0	0	0	0	0	0	0	0	0	0	0	0	0	0.06	0.02	0.03	0.03	0.01	0.01	0.02	0.02	0.08	0.05	0.05	0.06	0.01	0.01	0.01	0.01	0	0	0	0.02	0	0	0	0	0	0	0	0	0	0	0	0	0.03	0.01	0.03	0.01	0.02	0.01	0.03	0.01	0.01	0.01	0.02	0.01	0.01	0.01	0.02	0.01	0	0	0	0	0	0	0	0.01	0	0	0	0	0	0	0	0
PMS2	0	0	0	0.01	0.01	0.02	0.01	0.03	0	0.01	0	0.01	0	0	0	0	0	0	0	0.01	0	0	0	0	0	0	0	0	0	0	0	0	0.01	0.01	0.02	0.01	0.01	0.01	0.01	0.01	0.01	0.02	0.03	0.01	0	0.01	0	0.01	0	0	0	0.02	0	0	0	0	0	0	0	0	0.01	0	0	0.01	0.06	0.03	0.07	0.02	0.04	0.03	0.08	0.03	0.04	0.02	0.03	0.02	0.04	0.03	0.04	0.03	0	0	0	0	0	0.01	0.01	0.01	0	0	0	0	0	0	0	0
CMMRD_77	0	0	0	0	0.01	0.02	0.01	0.03	0	0	0	0.01	0	0	0	0.01	0.01	0	0	0	0	0	0	0	0	0	0	0	0	0	0	0	0.01	0.01	0.01	0.01	0.01	0.01	0.01	0	0.01	0.02	0.03	0.02	0	0.01	0	0	0	0	0	0.02	0	0	0	0	0	0	0	0	0.01	0	0	0.01	0.06	0.03	0.08	0.02	0.05	0.03	0.09	0.04	0.03	0.02	0.03	0.02	0.04	0.04	0.04	0.03	0	0	0	0	0	0.01	0.01	0.01	0	0	0	0	0	0	0	0
CMMRD_89	0	0	0	0	0.02	0.02	0	0.09	0	0	0	0.01	0	0	0	0.02	0	0	0	0	0	0	0	0	0	0	0	0	0	0	0	0	0.07	0.02	0.04	0.04	0.02	0.01	0.03	0.02	0.09	0.05	0.06	0.07	0.01	0.01	0.01	0.01	0	0	0	0.02	0	0	0	0	0	0	0	0	0	0	0	0	0.02	0.01	0.02	0	0.01	0.01	0.03	0.02	0.01	0.01	0.01	0	0.01	0.01	0.01	0.01	0	0	0	0	0	0	0	0	0	0	0	0	0	0	0	0
CMMRD_94	0	0	0	0.01	0.02	0.02	0.01	0.09	0	0	0	0.01	0	0	0	0.02	0	0	0	0	0	0	0	0	0	0	0	0	0	0	0	0	0.07	0.02	0.04	0.03	0.01	0.01	0.03	0.01	0.07	0.06	0.05	0.06	0.01	0.01	0.01	0.01	0	0	0	0.02	0	0	0	0	0	0	0	0	0	0	0	0	0.02	0.01	0.02	0.01	0.01	0.01	0.03	0.01	0.01	0	0.01	0.01	0.01	0.01	0.02	0.02	0	0	0	0	0	0	0	0.01	0	0	0	0	0	0	0	0
CMMRD_3	0	0.01	0	0	0.01	0.02	0.01	0.03	0	0.01	0	0.01	0	0.01	0	0.01	0	0	0	0.01	0	0	0	0	0	0	0	0	0	0	0	0	0.01	0	0.01	0.01	0.01	0.02	0.01	0.02	0.01	0	0.01	0.01	0.01	0.02	0.01	0	0	0	0	0.02	0	0.01	0	0	0	0	0	0	0.01	0	0	0.01	0.06	0.03	0.07	0.02	0.05	0.04	0.08	0.03	0.03	0.02	0.03	0.01	0.02	0.03	0.04	0.03	0	0.01	0	0	0	0	0.01	0.01	0	0	0	0	0	0	0	0.01
