indelsubtype	indeltype	type	ATM_148	ATM_16	ATP2B4_2	ATP2B4_5	C1orf86_136	C1orf86_139	C9orf142_113	C9orf142_129	DCLRE1A_41	DCLRE1A_42	EXO1_71	FAN1_122	FAN1_19	FANCM_10	FANCM_140	MDC1_126	MLH1_172	MLH1_173	MSH2_120	MSH6_3	MSH6_4	NBN_62	NHEJ1_65	NHEJ1_9	OGG1_106	OGG1_25	PARP1_128	PARP1_18	PARP2_137	PARP2_96	PIAS1_13	PIAS1_142	PIAS4_134	PIAS4_23	PIF1_45	PIF1_46	PMS1_123	PMS1_130	PMS2_170	PMS2_171	POLB_161	POLB_162	POLE3_47	POLE3_48	POLE4_138	POLE4_67	POLI_101	POLI_104	POLM_49	POLM_50	POLN_107	POLN_28	POLQ_51	POLQ_82	PRIMPOL_133	PRIMPOL_143	PRKDC_26	RAD18_83	RAD18_95	RECQL5_154	RECQL5_21	REV1_52	RNF168_116	RNF168_14	RNF8_108	RNF8_12	SETX_145	SETX_165	TDG_135	TP53_69	TP53_70	TP53BP1_24	TP53BP1_94	UNG_6	WRN_55	WRN_56	XRCC4_77	XRCC4_78
[-]Mh	Mh	Del	4	2	10	5	3	8	4	1	3	1	10	0	3	4	3	4	16	16	21	10	37	0	4	2	2	5	7	9	3	1	3	1	3	7	4	2	3	7	7	4	5	7	5	4	3	4	7	4	5	3	7	6	2	1	2	8	6	4	5	0	2	4	2	2	2	1	6	3	5	3	3	3	3	8	3	8	4	5
[->1]Other	[>1]Other	Del	2	1	3	2	2	0	3	1	0	0	0	1	0	0	0	1	6	2	7	1	10	3	0	1	0	0	4	1	0	0	2	1	3	1	2	4	1	1	2	3	0	1	1	1	1	1	3	0	5	2	2	1	0	0	0	0	0	1	1	3	2	2	0	0	0	0	0	2	1	3	1	0	0	1	0	3	1	1
[->1]Rep	[>1]Rep	Del	2	2	6	4	0	0	1	0	2	0	1	0	1	0	1	0	81	85	107	35	44	0	2	0	0	3	0	5	4	1	2	1	0	1	2	0	8	9	14	29	3	2	0	1	2	0	2	1	0	1	3	0	1	0	2	1	1	1	0	1	1	0	2	1	1	0	2	0	2	2	2	1	1	1	2	4	5	3
[-C]Rep<5	[C]Rep<5	Del	3	3	3	3	1	1	1	4	1	0	13	2	0	2	1	2	51	43	80	31	47	3	2	2	1	4	1	3	5	1	5	0	1	3	5	3	3	2	18	17	2	1	1	0	3	1	1	1	2	1	1	3	1	0	1	3	1	0	2	1	1	1	5	4	2	2	1	0	3	1	0	2	1	2	1	1	1	2
[-C]Rep>=5	[C]Rep>=5	Del	0	1	0	0	1	0	0	0	0	0	1	0	0	0	0	0	187	173	280	93	65	1	1	0	0	0	0	2	0	0	0	0	0	1	0	1	0	0	32	29	0	0	0	0	1	0	0	0	0	1	0	0	0	0	0	1	0	0	0	1	0	0	0	0	0	0	1	1	0	0	0	1	0	0	0	0	0	0
[-T]Rep<5	[T]Rep<5	Del	1	1	2	3	3	1	1	0	2	0	15	1	1	2	1	3	78	73	125	59	62	1	2	0	1	3	2	2	1	1	1	0	0	1	2	2	2	5	30	27	0	1	0	2	1	1	2	2	2	1	3	0	5	1	2	1	1	0	2	1	2	1	5	2	1	0	1	1	1	3	2	1	0	3	2	1	0	1
[-T]Rep>=5	[T]Rep>=5	Del	1	0	9	6	0	2	3	3	0	0	5	2	5	2	1	0	2405	2459	3683	2476	2419	0	2	0	2	4	1	0	1	3	4	1	1	3	2	1	20	11	1022	801	1	0	0	0	0	1	1	3	1	2	2	0	6	0	2	0	2	0	1	0	3	3	5	2	1	2	1	1	3	4	2	1	3	7	1	3	4	3
[+]Mh	Mh	Ins	0	0	4	0	0	1	0	0	0	0	0	1	1	0	0	0	4	3	4	12	24	1	0	0	0	1	0	0	0	0	0	0	1	1	1	0	1	1	4	2	3	1	0	2	1	2	1	0	4	0	0	0	0	2	0	0	1	0	1	0	0	3	1	1	0	0	1	0	1	1	1	0	0	3	1	1	2	2
[+>1]Other	[>1]Other	Ins	0	0	1	0	1	0	0	0	0	0	0	0	0	0	0	0	0	1	3	0	3	0	1	0	0	0	2	0	0	0	0	0	0	0	0	2	0	0	0	0	1	0	2	0	0	0	0	0	1	0	0	0	0	0	0	0	0	0	1	0	0	0	0	0	0	1	1	0	0	0	1	0	0	0	1	0	1	1
[+>1]Rep	[>1]Rep	Ins	5	3	4	6	3	2	2	3	2	2	3	4	3	2	3	2	46	48	47	47	46	0	1	2	2	0	6	12	2	1	3	4	1	2	4	3	1	0	53	70	9	9	3	4	2	0	0	0	0	0	1	6	0	5	0	2	2	0	0	1	3	6	2	2	2	1	2	1	2	1	5	4	1	3	5	2	1	1
[+C]Rep<5	[C]Rep<5	Ins	1	4	0	0	0	1	0	0	0	0	1	0	0	1	0	2	12	19	23	15	39	1	1	0	0	1	0	3	1	0	0	0	0	0	0	0	0	0	36	42	1	0	0	0	0	0	1	1	0	1	0	0	4	0	0	0	0	0	1	1	0	2	1	2	0	0	1	1	2	0	0	1	0	0	0	1	2	0
[+C]Rep>=5	[C]Rep>=5	Ins	0	0	1	0	0	0	0	0	0	0	0	0	0	0	0	0	32	40	46	51	56	0	1	0	0	0	0	0	1	0	0	0	1	0	0	0	3	0	81	83	0	1	2	0	0	0	0	0	2	1	1	0	1	1	0	0	0	1	0	0	0	0	0	0	0	0	0	0	0	0	0	0	0	1	0	0	1	0
[+T]Rep<5	[T]Rep<5	Ins	4	1	0	0	0	1	0	0	0	0	5	0	4	0	0	2	32	46	51	35	33	1	1	0	3	2	1	2	1	0	2	0	0	2	0	1	0	1	54	64	1	1	1	1	0	0	1	0	0	0	1	1	0	1	1	1	0	0	2	0	2	0	1	0	0	0	1	1	2	0	0	0	0	3	2	2	0	0
[+T]Rep>=5	[T]Rep>=5	Ins	0	7	5	7	1	3	3	2	1	1	19	2	8	1	3	4	473	499	579	490	556	3	7	2	1	6	5	7	3	8	0	2	2	3	7	1	4	1	813	779	2	1	6	1	2	3	3	5	5	2	4	5	6	2	1	2	4	2	0	3	4	6	5	2	1	2	2	3	6	1	1	3	0	8	3	2	3	7
Complex	Complex	Complex	0	0	2	5	0	0	1	1	0	0	2	0	0	0	0	0	2	1	2	1	2	0	0	1	0	0	2	0	0	0	0	0	0	1	1	0	1	1	1	0	0	0	0	0	0	2	0	0	1	0	0	1	0	0	1	0	0	0	0	0	0	1	0	0	0	0	0	0	0	0	0	0	0	0	0	0	1	0
