MutationType	Mutation	ADH5_105	ADH5_15	ATM_148	ATM_16	C1orf86_136	C1orf86_139	C9orf142_113	C9orf142_129	CBX1_39	CBX1_40	DCLRE1A_41	DCLRE1A_42	DDB2_20	DDB2_93	ERCC5_114	ERCC5_43	ERCC6_34	ERCC6_81	EXO1_71	EXO5_124	EXO5_132	FAN1_122	FAN1_19	FANCM_10	FANCM_140	GEN1_30	GEN1_68	MDC1_126	MGMT_60	MGMT_61	MLH1_172	MLH1_173	MSH2_120	MUM1_141	MUM1_152	MUS81_121	MUS81_7	NBN_62	NHEJ1_65	NHEJ1_9	OGG1_106	OGG1_25	PARP1_128	PARP1_18	PARP2_137	PARP2_96	PIAS1_13	PIAS1_142	PIAS4_134	PIAS4_23	PIF1_45	PIF1_46	PMS1_123	PMS1_130	PMS2_170	PMS2_171	POLB_161	POLB_162	POLE3_47	POLE3_48	POLE4_138	POLE4_67	POLI_101	POLI_104	POLL_119	POLL_153	POLM_49	POLM_50	POLN_107	POLN_28	POLQ_51	POLQ_82	PRIMPOL_133	PRIMPOL_143	PRKDC_26	RAD18_83	RAD18_95	RAD52_11	RAD52_115	RAD54L_163	RAD54L_164	RECQL4_110	RECQL4_111	RECQL5_154	RECQL5_21	REV1_52	RNF138_127	RNF138_131	RNF146_57	RNF146_58	RNF168_116	RNF168_14	RNF8_108	RNF8_12	SECISBP2_155	SECISBP2_156	SETX_145	SETX_165	SHPRH_53	SHPRH_87	SIRT2_146	SIRT2_157	SIRT5_117	SIRT5_118	SIRT6_54	SIRT6_86	SIRT7_147	SIRT7_158	SMARCAL1_166	TDG_135	TDP2_100	TDP2_144	TP53_69	TP53_70	TP53BP1_24	TP53BP1_94	TREX1_159	TREX1_167	USP11_160	UVSSA_79	UVSSA_80	WRN_55	WRN_56	XPA_149	XPA_150	XPC_168	XPC_169	XRCC4_77	XRCC4_78
A[C>A]A	C>A	18	26	29	53	18	24	34	24	10	31	17	24	21	18	26	6	42	30	94	20	38	30	35	21	23	35	23	41	23	24	27	19	50	24	30	17	27	17	34	14	109	214	22	29	23	28	13	15	20	38	18	15	31	29	32	43	31	21	19	16	23	30	22	33	23	22	38	13	29	29	17	20	14	27	26	17	27	31	11	25	29	30	21	26	29	28	24	24	47	24	47	19	31	11	20	17	18	17	29	31	21	33	15	20	24	19	28	33	52	64	32	32	32	16	44	18	31	17	39	13	30	19	24	40	20	29	38	29	43
A[C>A]C	C>A	0	1	1	3	1	4	1	6	0	2	0	0	1	3	1	1	4	3	60	3	4	3	2	4	2	6	4	3	2	4	12	14	13	3	3	2	1	0	1	1	6	12	6	1	3	1	0	2	2	2	2	3	3	3	12	9	2	5	5	0	2	4	3	4	4	0	4	1	0	8	3	5	2	0	1	0	1	5	4	2	6	3	1	4	2	4	2	3	5	2	22	2	3	1	2	0	2	1	3	2	1	2	1	1	2	0	4	5	1	10	3	2	4	0	4	1	4	3	4	1	4	1	1	5	1	3	5	1	2
A[C>A]G	C>A	0	1	3	2	0	1	3	1	0	1	0	0	3	1	2	1	3	2	26	2	3	1	1	2	1	0	2	2	0	0	4	3	4	0	3	2	1	1	1	0	6	3	3	0	2	4	0	0	1	0	2	1	2	0	2	4	0	0	0	0	1	2	0	0	1	1	2	1	0	1	1	0	2	2	3	3	0	1	2	3	1	1	1	1	1	3	3	1	4	0	9	4	3	1	2	2	0	1	1	2	4	1	0	0	3	4	3	1	1	6	2	1	3	3	2	0	2	0	1	0	1	0	4	2	3	1	2	1	1
A[C>A]T	C>A	6	10	14	18	9	11	12	11	7	17	4	3	5	7	5	1	12	9	62	7	17	5	12	8	9	7	10	16	7	7	33	30	60	13	10	4	15	9	7	1	22	35	13	15	11	12	3	6	5	14	9	5	11	13	25	31	11	13	3	3	6	6	7	10	16	10	15	7	11	13	10	6	7	10	15	9	8	11	6	13	15	6	13	5	10	8	8	8	14	14	20	5	11	6	9	7	5	6	16	16	8	10	6	7	3	5	7	12	11	28	11	10	11	5	21	6	7	11	18	3	12	6	9	14	8	9	10	7	14
A[C>G]A	C>G	2	3	3	3	0	0	2	2	4	2	2	1	1	0	0	0	4	4	39	3	1	2	1	0	1	1	2	3	0	4	12	15	16	3	3	3	4	4	3	0	1	4	5	1	2	1	0	2	1	4	2	2	0	0	8	9	4	4	1	3	2	2	1	1	0	1	0	4	1	2	0	1	4	9	1	2	0	1	0	8	10	6	0	1	3	3	0	1	1	1	17	4	4	1	5	2	3	1	1	3	1	1	2	3	2	1	4	2	5	6	1	3	1	2	2	2	1	2	6	2	1	0	2	6	6	3	6	3	2
A[C>G]C	C>G	0	5	0	0	0	1	2	1	0	1	2	0	0	0	2	0	3	0	36	1	0	0	1	0	1	0	0	1	3	4	1	10	7	1	0	3	2	1	0	0	0	2	3	2	1	2	1	2	1	0	1	0	3	2	10	7	3	3	1	1	0	1	0	0	3	0	3	1	0	3	1	1	0	2	1	1	1	3	0	5	7	1	3	0	2	2	1	1	1	0	6	2	2	1	1	0	1	2	2	2	1	1	2	1	2	0	2	0	7	4	2	2	1	0	1	1	3	1	3	0	2	1	1	1	0	1	1	1	2
A[C>G]G	C>G	1	1	0	1	0	0	2	1	1	0	1	0	2	0	0	0	2	0	31	1	1	2	0	3	2	0	0	3	2	0	1	4	2	3	0	1	1	2	0	0	1	0	1	1	1	2	2	1	1	1	1	0	1	1	2	3	2	2	1	0	1	1	2	2	0	1	2	0	1	2	2	0	3	0	1	0	0	1	0	4	3	1	0	0	1	4	2	0	2	1	12	10	1	1	1	0	1	0	2	0	0	1	0	0	1	3	0	1	3	1	0	2	0	1	1	0	2	0	2	1	1	2	1	0	3	0	0	1	1
A[C>G]T	C>G	1	2	1	4	1	2	1	2	1	3	1	0	1	1	3	1	2	0	32	2	4	2	1	2	1	0	0	5	3	1	11	17	28	1	2	2	2	2	1	0	1	3	0	2	0	0	1	0	2	3	0	2	3	0	14	20	1	1	0	1	0	4	1	1	0	5	3	3	1	0	0	1	0	3	1	2	0	2	0	3	8	3	2	2	0	2	0	2	2	0	21	9	2	0	1	0	1	3	1	1	3	2	2	3	1	2	2	3	2	1	4	0	6	1	2	1	2	1	1	1	2	2	0	3	0	1	1	1	3
A[C>T]A	C>T	5	18	13	10	10	3	7	8	9	15	7	9	10	11	15	4	14	13	64	14	13	11	12	10	14	14	7	12	13	19	244	216	433	7	11	8	15	8	17	1	9	14	13	8	8	7	8	9	8	18	6	19	26	40	41	38	8	4	5	7	6	13	11	12	6	7	7	9	10	20	5	5	7	12	8	8	12	14	8	9	22	10	6	6	13	13	8	8	23	10	40	14	12	8	12	11	8	9	20	4	12	11	8	12	13	9	11	9	21	35	8	12	12	7	8	9	18	6	22	11	10	6	10	11	11	16	12	13	12
A[C>T]C	C>T	4	9	3	3	5	3	9	3	1	4	6	5	3	4	5	1	3	6	39	5	5	2	4	0	6	3	2	6	4	6	73	54	125	6	5	2	6	2	5	0	6	3	6	6	7	4	0	6	6	3	3	7	5	5	29	37	0	7	5	4	7	3	6	4	2	4	3	3	5	6	4	2	3	6	5	3	1	8	2	6	7	1	5	2	3	4	2	1	8	4	11	5	3	3	6	4	7	6	7	4	3	7	0	1	6	4	2	5	5	9	6	4	6	3	3	1	7	7	11	2	3	3	5	7	5	5	4	5	11
A[C>T]G	C>T	5	11	4	4	5	3	3	3	1	9	5	7	5	3	4	2	6	10	40	5	5	8	12	3	5	10	10	8	3	4	128	106	207	7	7	3	9	6	2	3	8	5	3	8	5	4	0	4	7	5	4	9	27	40	34	55	5	5	0	2	6	5	3	4	1	5	5	3	11	5	2	3	6	9	3	5	2	6	6	5	7	3	3	3	4	9	5	3	8	8	14	8	5	2	3	2	3	2	5	8	3	5	2	2	4	7	7	3	9	11	0	8	8	5	6	4	9	1	7	7	6	5	8	3	5	8	3	6	10
A[C>T]T	C>T	4	8	6	5	3	7	8	6	1	4	2	4	1	3	7	6	5	4	71	3	6	3	7	8	4	5	3	5	6	2	138	95	201	5	1	3	9	5	2	3	2	9	3	7	10	1	2	2	2	2	2	2	5	8	24	26	3	5	2	5	6	5	5	7	8	3	7	7	6	5	8	6	4	5	2	7	5	4	4	7	8	3	4	0	8	6	3	5	6	1	15	8	7	3	3	3	2	2	3	4	3	5	3	6	7	5	6	1	16	11	6	6	4	3	5	3	1	3	5	5	4	4	5	13	6	9	4	1	3
A[T>A]A	T>A	1	1	2	2	0	2	0	1	0	0	1	0	1	1	2	0	2	3	46	0	1	1	3	1	0	1	3	5	4	5	6	6	6	1	1	1	0	0	3	0	3	1	3	3	1	5	1	1	0	2	0	1	4	2	11	9	4	0	0	2	1	2	1	3	2	3	0	2	0	2	3	3	1	3	0	2	2	2	1	1	6	2	2	2	2	6	0	0	0	0	11	1	0	1	1	0	1	3	3	0	0	1	1	0	0	0	1	1	5	3	0	0	1	1	0	0	3	0	2	0	1	0	1	2	5	3	2	3	5
A[T>A]C	T>A	1	2	3	0	0	0	1	0	0	1	0	0	1	1	3	1	1	0	26	2	1	0	0	0	1	2	0	2	1	2	2	7	5	1	0	2	1	1	0	0	0	0	0	3	0	1	0	1	0	0	0	0	1	2	6	7	1	2	1	1	0	1	1	2	0	0	0	3	0	0	1	0	0	0	1	1	1	1	0	3	4	2	1	0	0	0	1	0	0	0	3	1	2	0	1	1	1	1	1	1	1	1	0	2	1	0	4	1	2	0	0	0	0	0	1	0	0	1	0	0	1	0	0	2	1	1	0	2	3
A[T>A]G	T>A	1	1	1	2	1	3	1	0	0	0	0	1	1	0	3	1	0	0	29	3	2	1	0	1	1	0	1	0	1	1	4	5	4	0	0	1	1	1	1	0	2	1	2	0	1	0	1	0	0	0	2	4	1	1	3	2	2	0	0	0	1	3	2	1	2	2	1	4	0	1	4	0	1	1	0	0	0	1	0	3	2	1	0	0	2	2	1	0	0	0	7	1	2	2	1	2	0	0	1	0	0	1	0	0	0	1	2	1	2	4	1	1	2	1	1	1	0	0	1	2	4	1	1	2	2	4	1	1	1
A[T>A]T	T>A	3	3	7	6	4	4	0	1	1	2	1	0	4	6	3	3	2	8	32	2	4	2	4	3	1	3	3	4	2	4	71	68	100	1	1	3	6	4	3	2	1	3	2	3	2	2	0	2	2	1	2	3	0	3	62	66	4	2	3	0	3	7	0	4	3	1	2	4	0	1	3	4	3	4	1	1	2	4	2	5	5	3	2	2	4	4	0	3	6	3	15	7	2	0	5	5	4	3	3	1	6	2	2	0	4	2	8	5	12	6	3	2	6	5	2	2	1	4	7	5	4	2	0	4	8	8	2	0	4
A[T>C]A	T>C	11	5	4	3	2	9	4	8	4	4	2	2	5	4	4	4	6	7	147	2	10	4	9	7	3	5	5	10	6	5	97	91	146	6	9	8	9	12	1	2	4	9	11	5	10	5	3	3	1	10	4	5	1	2	163	166	14	3	2	2	4	5	7	4	8	7	6	4	6	5	9	3	2	9	8	8	2	9	7	17	18	3	4	3	4	3	2	3	3	4	58	29	6	3	3	1	5	4	7	5	6	4	1	2	14	7	4	3	8	12	4	7	8	2	2	1	6	1	12	3	3	4	5	10	7	7	7	3	8
A[T>C]C	T>C	3	2	1	2	1	3	0	0	2	2	2	1	1	0	2	0	2	2	28	1	0	2	1	1	0	1	2	0	0	0	28	37	67	1	3	0	2	1	2	0	0	3	3	2	0	0	0	1	0	2	2	2	1	1	80	67	0	2	0	2	1	3	2	1	1	1	1	2	0	1	0	0	4	1	3	0	1	2	0	2	2	2	2	0	0	1	0	0	1	1	8	4	0	1	0	1	2	0	3	0	0	0	1	2	1	3	4	1	3	6	0	3	0	0	1	0	0	0	2	1	1	0	2	3	0	3	2	1	2
A[T>C]G	T>C	2	1	4	4	1	0	3	4	0	1	4	3	2	2	5	1	6	4	51	2	4	3	4	1	3	0	0	7	1	2	121	112	173	0	4	1	4	2	4	1	1	3	3	4	2	2	3	2	1	3	0	0	1	4	196	196	4	2	1	2	3	3	1	3	1	1	1	0	3	0	1	0	0	5	4	3	2	3	4	7	6	4	2	3	0	3	3	1	3	3	29	9	4	0	1	2	2	2	3	4	3	3	1	0	4	2	1	5	6	4	3	0	1	2	2	0	5	1	6	3	2	1	1	6	5	4	2	0	4
A[T>C]T	T>C	4	8	7	2	3	4	3	3	1	6	3	1	3	1	4	2	3	9	68	1	5	5	3	5	6	3	4	4	6	1	35	19	56	3	7	6	4	3	6	0	1	8	3	6	3	5	4	1	3	3	2	2	4	4	48	47	4	6	4	1	2	1	6	7	7	4	3	5	6	7	3	1	2	4	5	3	2	3	3	9	6	2	4	3	3	2	3	3	6	3	29	10	3	1	1	2	2	2	9	1	4	4	0	3	3	2	1	1	5	4	2	7	2	1	4	1	3	0	8	1	3	1	1	9	5	4	1	3	2
A[T>G]A	T>G	1	0	0	0	1	1	1	0	1	1	0	1	2	1	2	0	1	0	15	1	2	1	1	0	0	1	0	1	1	1	1	1	1	2	2	2	1	0	0	0	0	0	0	1	0	0	0	1	1	0	1	0	0	0	2	1	0	1	0	0	0	1	0	1	0	1	1	0	0	0	1	0	1	0	0	0	0	1	2	2	0	0	1	0	3	0	0	1	0	0	5	1	1	0	1	0	2	0	0	0	0	1	0	0	0	1	0	1	2	2	1	1	1	0	1	0	0	0	1	0	0	0	0	1	0	1	0	1	0
A[T>G]C	T>G	0	0	2	1	0	0	1	1	0	1	1	0	0	1	0	0	0	0	4	0	1	0	0	1	0	0	1	0	0	0	2	2	4	1	0	0	1	0	1	0	0	1	0	1	0	0	0	0	0	0	1	1	1	0	6	6	0	1	0	0	0	0	0	0	0	0	1	1	0	0	0	0	0	2	0	0	0	0	0	0	1	0	0	0	0	0	0	1	1	1	3	1	0	0	0	1	1	0	1	1	0	0	0	1	0	0	0	0	1	1	0	1	1	0	0	0	0	1	0	0	0	0	1	1	0	0	0	0	0
A[T>G]G	T>G	1	0	0	0	3	1	0	0	0	1	0	0	1	0	1	0	1	1	17	2	0	0	1	1	1	0	1	0	0	0	3	1	3	3	1	0	1	1	0	0	0	1	1	2	1	1	0	1	0	0	1	2	0	2	2	7	2	2	1	0	0	0	1	1	0	1	0	0	1	3	1	0	0	1	2	1	0	1	1	1	1	1	0	0	0	0	0	0	0	2	5	3	0	0	0	2	1	0	2	0	0	1	0	0	1	2	0	1	2	2	0	0	0	0	0	0	1	0	3	1	0	0	1	2	0	7	0	0	1
A[T>G]T	T>G	1	2	1	2	3	2	0	1	0	1	1	1	3	2	0	1	3	0	19	1	3	2	5	2	1	1	5	3	1	2	6	6	13	1	0	2	2	0	1	0	3	3	3	1	0	2	0	1	0	0	1	1	0	0	13	15	2	0	2	0	1	1	1	1	1	1	3	1	0	3	1	1	1	4	0	0	1	3	0	1	6	1	2	0	0	0	2	0	1	0	8	4	3	1	3	2	2	4	2	6	1	3	1	0	2	3	2	2	2	1	1	1	3	2	0	0	3	2	3	1	1	0	2	2	2	3	3	1	1
C[C>A]A	C>A	7	15	22	16	14	20	18	19	11	15	9	9	14	12	12	3	24	19	60	14	24	13	13	6	13	13	14	25	21	10	69	76	130	18	19	9	20	12	17	10	31	53	24	14	18	16	5	20	2	15	17	7	18	15	40	32	21	29	8	13	14	13	17	22	15	15	12	13	13	19	14	10	5	27	22	13	13	27	10	19	19	14	11	11	15	12	22	13	38	16	29	11	22	7	28	8	14	10	20	21	17	33	9	16	13	12	11	20	36	41	14	20	18	16	20	15	18	20	40	16	14	11	13	32	21	18	18	11	24
C[C>A]C	C>A	3	1	0	6	4	0	0	1	0	7	4	3	1	0	3	0	7	3	51	0	1	1	1	4	2	3	2	4	3	2	122	103	175	2	3	1	0	3	1	0	2	3	2	4	3	4	3	3	1	1	1	3	4	3	51	46	5	3	2	3	3	3	4	6	3	1	6	1	1	4	1	0	1	2	4	1	1	6	1	5	9	2	2	0	5	9	1	2	6	4	17	5	4	1	5	4	1	1	5	3	1	2	3	2	2	1	2	9	4	9	2	1	1	1	3	1	4	0	5	0	1	2	5	3	2	3	3	2	4
C[C>A]G	C>A	2	3	1	4	2	1	3	3	2	3	3	3	1	0	2	0	0	6	37	0	1	2	3	1	1	2	1	2	0	3	26	17	32	2	5	4	4	1	2	0	2	13	3	1	4	4	1	3	1	1	1	2	1	2	26	18	2	3	1	1	0	1	4	2	2	2	1	0	3	2	3	2	1	1	2	2	0	1	2	2	7	4	1	2	0	2	3	1	3	2	12	1	0	0	3	4	0	6	3	2	2	0	1	1	1	1	3	2	3	5	0	3	2	2	1	0	0	1	3	0	1	1	1	7	1	2	1	1	1
C[C>A]T	C>A	6	9	5	12	15	8	10	9	4	7	3	2	6	3	4	0	10	12	47	4	10	10	8	10	9	8	10	15	9	13	307	285	620	14	10	8	14	6	6	2	18	15	9	7	7	6	8	7	10	12	10	8	8	12	101	82	8	15	9	4	2	6	7	11	11	6	9	5	9	15	7	5	5	14	5	7	9	12	11	17	15	6	7	7	12	9	11	10	21	9	20	11	12	5	13	12	6	12	10	6	15	10	8	2	11	9	11	7	25	25	9	9	8	8	18	3	12	10	18	9	5	7	6	14	8	10	19	10	13
C[C>G]A	C>G	2	1	2	0	1	1	1	2	0	1	1	0	0	0	0	1	2	1	39	0	1	0	0	2	2	0	1	1	1	2	3	1	1	0	2	1	1	1	1	1	0	3	3	0	1	1	0	0	0	0	0	0	0	1	1	2	0	0	1	0	2	5	1	1	1	0	0	1	1	0	1	0	1	1	0	1	2	2	1	6	0	0	2	1	0	1	2	1	4	1	13	4	3	0	3	2	0	1	3	3	0	0	1	0	4	1	4	0	2	5	2	2	4	0	0	1	2	0	3	1	0	1	0	2	3	0	2	3	1
C[C>G]C	C>G	0	0	2	2	2	0	4	0	0	1	0	0	1	0	2	2	0	0	20	1	1	1	0	3	1	1	4	0	2	2	1	0	3	0	2	2	4	3	0	0	0	0	2	1	0	1	2	1	2	1	1	0	0	0	0	0	1	2	0	0	0	0	1	0	1	0	1	0	1	1	2	1	0	2	1	1	0	0	0	1	3	0	0	1	2	1	1	0	0	0	8	1	2	0	1	2	2	0	0	3	2	2	0	0	1	0	0	1	2	5	2	1	4	0	1	0	0	0	0	0	0	1	1	5	0	1	1	1	0
C[C>G]G	C>G	1	0	0	1	0	1	1	0	2	0	1	1	1	1	0	0	1	2	11	1	0	0	0	1	2	0	0	0	1	0	3	0	3	0	1	0	1	0	0	0	0	2	0	0	0	0	1	0	0	0	0	1	0	2	4	0	0	1	0	0	0	1	1	0	0	1	2	1	0	0	0	0	0	0	0	0	0	1	0	6	3	2	1	0	1	4	0	1	1	0	4	3	1	0	0	0	0	0	0	0	1	1	0	1	0	2	0	1	1	0	0	0	0	1	0	1	1	1	5	0	0	0	1	0	5	0	1	0	1
C[C>G]T	C>G	1	1	3	2	0	2	0	0	0	2	2	2	0	0	1	1	1	1	39	1	1	5	1	3	2	1	3	5	2	4	3	2	1	1	2	0	0	0	2	1	0	3	4	2	0	1	0	0	2	2	1	3	1	1	1	1	1	0	0	1	2	4	3	3	1	2	0	0	0	0	2	1	0	4	0	0	1	2	4	2	2	4	2	1	2	0	0	0	2	0	17	4	1	1	2	2	0	0	3	2	1	1	1	2	0	2	1	2	1	3	0	0	3	0	4	1	0	2	1	0	0	0	1	2	3	3	4	1	1
C[C>T]A	C>T	13	9	6	9	17	9	7	5	13	14	4	8	8	4	6	4	11	4	77	13	11	4	5	9	9	11	9	14	6	14	59	43	88	10	10	6	8	5	7	0	12	9	10	9	8	7	4	10	9	6	4	18	13	12	26	18	20	7	10	8	7	8	6	17	7	5	6	8	7	12	5	6	9	4	16	11	10	13	8	18	15	7	9	6	7	14	12	10	13	7	30	8	10	3	26	11	10	6	11	9	7	5	8	9	13	8	8	8	16	27	13	12	9	9	12	7	10	11	13	12	8	4	8	15	5	9	11	11	9
C[C>T]C	C>T	5	5	11	11	2	6	6	10	3	8	6	3	6	7	9	1	12	6	43	8	9	4	3	4	3	8	3	10	10	14	50	55	74	3	6	7	4	6	8	1	2	7	6	4	3	5	3	5	6	5	9	5	2	13	35	25	6	6	7	5	7	3	9	5	6	7	14	6	3	4	5	3	4	6	10	7	8	10	2	7	11	1	5	7	5	7	5	9	13	3	18	3	7	5	9	4	2	2	8	6	3	5	10	0	6	6	2	4	6	19	5	6	3	5	8	5	10	6	5	6	2	7	3	8	5	5	8	3	5
C[C>T]G	C>T	6	10	7	2	3	3	8	5	2	2	2	12	2	6	6	1	5	5	35	4	1	8	6	8	4	7	4	6	6	2	90	76	144	4	10	5	11	0	3	2	0	9	5	7	4	4	5	2	2	8	2	2	15	34	28	28	5	7	7	5	9	3	2	7	5	4	4	6	5	11	3	5	8	7	6	4	4	9	5	1	5	5	2	3	10	7	7	6	9	7	15	5	4	1	4	2	5	3	3	3	3	6	1	3	4	3	6	3	12	19	2	6	5	7	5	3	6	4	7	4	6	2	4	6	6	7	7	6	7
C[C>T]T	C>T	4	7	2	4	4	6	3	5	3	4	9	0	5	5	6	3	8	4	66	6	11	7	10	6	11	7	6	5	10	11	64	56	101	4	10	3	7	5	3	4	4	9	8	7	7	1	9	2	5	3	4	3	7	8	24	35	9	7	3	2	5	6	6	7	5	9	3	7	5	4	4	7	4	7	5	3	3	10	2	7	18	5	2	0	5	4	6	6	3	5	24	6	6	6	8	5	4	3	5	9	7	6	2	4	3	5	3	6	10	10	4	4	9	2	10	6	6	5	7	4	2	2	1	13	4	7	6	5	1
C[T>A]A	T>A	1	0	1	1	1	0	0	1	0	0	0	0	1	1	0	1	1	0	42	0	2	2	2	0	1	1	1	3	0	0	3	4	3	1	3	1	1	2	0	1	1	1	1	2	1	1	0	1	0	2	1	0	0	2	4	3	1	2	0	0	0	4	4	3	1	1	1	2	1	3	2	2	0	2	1	0	1	1	1	0	3	0	0	5	0	2	0	0	1	1	15	4	2	0	1	0	3	1	1	1	0	0	2	3	1	3	1	0	3	2	1	3	1	3	1	0	0	0	3	0	0	1	1	1	2	2	1	1	1
C[T>A]C	T>A	0	2	2	0	0	2	0	0	0	0	1	0	2	0	1	0	0	2	34	1	2	0	2	0	0	1	0	0	1	1	8	7	12	2	1	0	4	1	2	0	0	1	1	2	0	0	0	2	0	0	0	1	0	0	12	6	2	1	1	2	2	1	0	0	0	1	0	0	0	1	1	0	3	0	0	2	1	1	0	4	4	0	3	1	1	1	1	0	4	1	5	2	1	1	0	0	0	2	3	1	1	2	2	0	3	0	1	0	2	1	0	2	3	0	1	2	0	0	6	1	1	0	2	1	1	2	0	1	2
C[T>A]G	T>A	1	6	1	1	1	1	2	3	0	0	1	0	1	3	2	1	0	0	32	2	0	0	2	1	4	2	2	1	0	1	6	5	3	1	0	0	1	1	2	0	0	2	1	3	0	0	0	0	1	2	1	0	0	1	8	4	2	0	0	2	3	1	2	2	1	2	0	0	2	0	1	0	2	5	0	0	2	0	0	7	4	1	0	0	0	0	1	0	1	1	11	4	0	0	0	1	1	0	1	0	0	1	1	0	2	2	2	1	1	2	1	1	1	2	2	1	0	2	1	1	0	1	4	2	2	0	1	0	1
C[T>A]T	T>A	1	2	1	1	3	0	3	1	0	0	0	1	0	1	3	1	2	0	32	2	1	0	0	4	1	1	2	3	0	0	3	4	9	1	1	0	2	0	1	0	0	1	1	1	1	1	2	2	0	3	1	1	2	0	7	6	5	1	1	1	1	1	0	3	0	3	1	1	2	0	0	0	0	0	0	0	0	1	0	8	3	0	0	1	0	6	1	1	3	1	13	2	2	1	2	2	2	1	3	0	1	1	1	3	0	1	0	2	2	1	2	3	3	2	1	2	1	5	3	0	0	1	1	3	1	0	4	1	0
C[T>C]A	T>C	0	5	2	1	0	2	3	2	0	3	4	2	3	5	3	1	1	3	76	0	2	3	2	3	2	5	2	5	1	1	71	60	113	2	1	4	4	2	2	0	3	0	4	2	1	2	1	5	4	3	1	2	2	1	111	111	2	4	1	2	3	5	1	3	1	5	2	0	2	5	2	2	1	2	1	2	3	1	1	3	6	4	2	0	2	1	1	0	3	2	14	7	1	0	3	0	3	0	4	0	3	1	1	1	1	0	2	2	5	3	1	2	1	2	2	1	1	0	0	2	1	1	1	4	2	3	4	3	2
C[T>C]C	T>C	0	0	0	1	1	1	2	0	3	0	2	0	1	1	1	0	2	2	36	0	1	1	0	2	0	0	1	0	1	2	40	33	77	3	0	1	3	0	1	0	0	1	0	2	1	1	2	1	0	4	1	1	0	1	83	86	0	3	2	0	0	4	0	2	2	1	2	0	1	2	0	0	1	2	1	1	1	1	0	4	1	0	2	1	2	1	0	0	2	0	5	3	2	0	2	1	2	2	0	0	2	0	1	0	1	0	1	1	5	2	1	3	1	2	1	0	1	0	2	1	0	0	1	3	2	1	0	4	0
C[T>C]G	T>C	0	1	1	1	1	0	4	1	0	1	0	3	1	0	4	0	2	1	31	0	0	3	3	2	2	1	3	1	0	1	124	100	197	1	1	1	2	1	4	0	2	6	3	4	3	0	0	1	0	5	2	0	2	1	210	201	2	0	1	0	1	1	2	6	1	2	2	0	0	3	1	2	1	2	1	2	0	1	1	2	3	4	3	2	1	1	2	1	2	0	9	1	3	2	2	0	3	1	1	2	0	1	0	1	1	1	2	0	7	4	1	2	0	3	3	3	1	0	3	3	2	0	1	2	2	3	2	0	2
C[T>C]T	T>C	2	3	4	1	4	2	0	0	2	1	0	1	3	0	2	0	2	2	36	3	3	1	2	3	3	2	2	4	2	1	44	43	75	2	2	1	2	1	4	0	0	3	3	1	2	3	2	0	1	1	2	5	1	4	73	81	1	4	1	2	1	0	1	1	1	1	3	2	3	4	0	0	0	3	2	2	3	1	3	1	2	0	0	2	0	1	0	1	4	2	12	9	1	1	3	5	1	0	1	2	0	2	1	2	1	2	2	1	2	1	3	4	2	2	3	1	2	2	8	0	2	3	0	2	4	1	4	2	1
C[T>G]A	T>G	0	1	1	0	0	1	1	1	1	1	0	0	0	0	1	0	1	0	7	0	1	0	0	0	0	0	0	1	0	0	3	2	7	0	0	0	0	0	1	0	0	0	0	1	0	0	0	0	0	1	0	0	0	2	1	3	1	0	0	0	1	0	0	1	1	1	0	0	1	2	0	0	0	0	2	0	0	0	0	0	1	3	1	1	0	0	2	0	0	1	2	1	1	0	1	1	0	0	0	1	1	0	0	0	1	0	0	1	0	1	0	0	0	0	1	0	0	0	0	0	1	1	0	0	0	0	0	0	0
C[T>G]C	T>G	1	0	2	0	0	0	1	0	0	1	1	3	0	0	0	1	1	0	12	0	0	0	1	0	0	0	0	0	0	1	12	16	17	2	0	0	1	0	0	0	0	1	0	0	0	0	0	0	0	1	0	1	0	0	21	11	0	0	1	1	0	0	0	0	1	0	0	0	0	2	0	0	0	0	0	1	2	0	0	2	1	1	1	0	0	0	0	1	2	0	3	2	0	0	0	1	1	0	0	0	0	0	0	0	0	0	0	1	0	0	0	1	0	1	0	0	0	0	1	1	1	0	0	2	0	2	1	1	0
C[T>G]G	T>G	3	2	0	1	2	0	0	2	0	0	0	2	0	0	0	0	3	1	24	0	0	1	1	1	2	1	0	2	1	1	19	13	25	1	0	0	0	2	1	0	0	0	0	1	0	0	0	0	0	1	0	0	0	1	28	23	0	0	0	0	0	0	1	2	0	0	0	0	0	3	1	2	0	1	3	1	1	0	2	4	4	1	1	1	1	0	1	0	2	0	10	3	1	0	2	0	2	0	0	1	0	1	0	1	1	0	0	2	3	0	0	0	0	0	1	0	0	0	0	0	0	0	0	1	0	2	0	1	0
C[T>G]T	T>G	1	2	2	0	0	0	1	0	1	1	1	2	0	0	2	1	0	3	16	1	1	2	1	1	0	3	0	2	0	1	14	26	40	1	0	2	1	1	1	0	0	0	0	1	0	0	1	1	0	0	1	1	2	0	22	35	2	1	1	0	0	1	4	2	0	2	0	2	0	0	0	0	1	0	2	0	3	3	0	2	3	0	1	1	0	1	1	0	0	0	5	1	0	0	1	0	3	1	2	1	0	1	0	1	1	1	1	0	1	4	1	1	0	1	3	2	0	0	2	2	0	0	1	1	1	0	1	2	0
G[C>A]A	C>A	35	67	85	109	47	50	62	70	33	79	45	43	52	43	57	7	107	69	150	56	89	56	72	37	46	52	60	119	69	64	55	42	109	53	70	65	81	28	57	24	298	539	85	81	54	62	44	51	46	80	49	46	42	75	45	71	88	99	34	44	52	48	57	60	48	66	73	41	49	72	60	37	35	57	67	61	57	76	55	87	50	52	58	53	52	81	49	76	113	74	71	23	60	49	59	46	51	55	93	86	51	55	40	55	67	59	61	61	140	152	51	78	73	63	82	56	51	68	121	54	64	39	68	60	47	65	56	85	80
G[C>A]C	C>A	0	3	3	11	3	1	0	2	4	12	4	3	2	3	6	1	5	2	51	3	6	4	4	5	8	5	4	7	6	0	16	15	34	6	3	1	10	4	9	0	14	26	9	5	3	1	2	4	3	2	1	5	3	9	18	20	4	6	3	1	3	6	2	3	6	3	10	3	1	7	4	2	1	5	9	7	8	1	5	3	15	1	4	3	4	5	4	2	4	5	11	2	5	2	5	5	3	3	8	8	13	5	1	1	5	2	5	3	16	15	4	4	5	4	3	2	5	0	5	5	4	1	8	2	6	5	6	2	5
G[C>A]G	C>A	4	1	3	4	5	2	4	3	3	2	3	0	2	1	1	0	4	2	19	2	3	0	2	4	2	1	3	7	3	2	3	4	18	5	2	2	3	5	5	0	11	14	4	2	4	2	1	3	3	1	4	3	1	2	3	4	2	2	1	3	0	2	1	2	2	1	3	1	4	5	1	0	1	2	2	3	4	5	3	1	3	2	2	3	2	5	3	4	3	2	4	4	2	1	1	4	3	1	4	2	2	3	1	3	2	0	3	7	4	10	5	2	4	1	6	3	0	4	4	1	5	4	1	3	2	5	3	2	1
G[C>A]T	C>A	18	25	25	32	21	15	15	22	21	30	16	15	22	19	21	7	42	23	102	11	24	15	29	18	24	15	18	44	33	26	41	65	120	28	36	20	32	15	24	15	85	137	25	34	27	31	18	16	23	23	22	16	28	39	36	58	33	45	14	13	20	21	23	30	14	18	23	15	22	28	25	23	15	30	25	26	29	28	27	22	31	24	22	12	31	26	16	26	50	29	24	13	27	17	27	21	28	16	31	36	29	31	17	24	31	31	25	24	43	57	26	31	33	23	26	25	33	23	59	14	28	11	29	31	25	26	23	26	34
G[C>G]A	C>G	1	1	3	3	1	1	1	1	0	1	0	3	1	0	2	0	3	3	26	0	3	0	1	2	2	0	2	2	0	1	4	5	3	1	0	0	3	1	0	0	3	2	1	2	0	0	0	1	1	3	1	2	0	0	3	7	0	2	1	0	0	1	1	1	3	2	2	1	0	3	0	0	1	0	0	0	0	0	1	2	2	1	3	0	1	0	0	0	1	0	16	3	0	0	0	0	1	1	4	1	1	2	1	1	2	2	3	1	3	4	1	0	0	0	0	0	0	1	2	0	0	1	0	2	4	4	2	2	0
G[C>G]C	C>G	0	1	3	3	1	0	0	0	1	0	1	0	0	0	3	0	0	2	22	1	1	1	1	0	1	1	1	0	2	1	8	4	11	1	0	0	1	0	0	1	1	1	1	1	0	0	0	0	0	1	0	0	0	3	14	5	1	1	0	0	0	1	0	0	0	0	1	1	0	1	0	0	2	0	0	2	0	4	0	3	3	0	1	0	0	1	0	0	0	1	7	2	2	0	0	0	2	0	0	0	1	0	2	1	3	1	0	0	3	1	0	1	1	0	0	0	1	1	1	0	0	1	2	2	1	1	1	1	0
G[C>G]G	C>G	0	0	1	0	0	0	1	0	0	1	0	1	1	1	0	0	0	1	6	0	2	0	0	1	1	0	0	1	0	1	1	0	0	0	1	0	1	0	0	0	0	1	1	0	0	0	0	3	0	2	0	0	0	1	1	2	0	0	1	1	1	0	0	1	0	0	1	0	0	0	1	0	0	2	0	0	0	0	0	0	0	0	1	0	0	3	0	0	0	0	4	2	0	0	0	0	0	1	1	0	1	1	0	0	1	1	0	0	0	0	0	0	0	0	1	0	0	0	1	1	0	2	0	1	1	1	0	0	0
G[C>G]T	C>G	1	1	1	1	2	2	1	0	0	1	0	1	0	0	1	1	1	2	36	0	2	0	0	2	0	2	1	0	1	1	11	6	8	1	0	2	1	0	0	0	0	0	2	2	1	1	0	0	0	2	0	0	1	0	13	10	2	2	0	1	0	2	1	0	4	0	1	0	0	1	0	0	1	0	2	1	0	1	0	1	1	2	1	0	2	1	0	0	2	0	8	8	2	0	1	0	1	0	2	1	1	0	1	0	2	1	3	2	5	4	2	1	2	2	2	2	0	1	1	1	1	0	0	5	2	3	3	1	2
G[C>T]A	C>T	5	6	9	7	5	3	3	9	6	14	4	1	5	4	6	1	7	8	78	3	6	4	3	5	6	3	6	11	8	8	279	256	475	14	8	6	10	6	3	1	3	11	15	5	4	6	0	6	6	8	4	4	15	15	26	20	4	4	5	3	4	6	4	4	8	3	6	5	8	2	8	2	3	7	7	6	3	8	4	6	9	11	6	6	6	10	7	5	9	4	33	8	12	3	5	6	7	4	8	9	5	5	4	7	7	4	6	8	9	19	5	7	5	5	8	1	5	3	13	2	3	2	4	7	8	11	6	11	6
G[C>T]C	C>T	5	6	2	4	5	14	9	3	1	6	0	4	1	1	5	0	5	4	41	3	1	2	6	3	7	1	6	7	0	5	175	177	312	3	5	4	8	4	2	0	2	6	10	3	4	4	5	1	1	4	5	6	5	4	56	60	6	6	2	2	3	5	2	2	5	9	4	1	2	4	2	6	1	4	1	1	3	3	4	6	8	3	3	2	3	7	2	2	3	5	13	3	6	3	5	4	4	2	4	6	5	4	3	2	3	5	5	6	12	12	3	2	4	6	1	4	4	3	9	1	4	3	1	4	6	7	5	4	3
G[C>T]G	C>T	3	7	7	6	3	2	5	0	6	4	4	5	0	4	7	4	5	4	31	5	6	5	1	4	2	2	8	4	4	4	193	121	253	8	6	2	5	1	5	2	9	6	7	2	0	3	3	4	7	5	4	4	16	22	95	89	8	5	0	2	0	2	1	3	5	5	4	4	6	8	9	3	1	6	7	2	4	6	2	4	5	3	5	1	3	13	5	1	6	9	4	6	1	4	2	2	3	5	6	3	2	4	1	2	6	5	6	5	3	8	5	4	10	2	3	7	3	4	11	4	4	5	5	9	2	3	2	5	4
G[C>T]T	C>T	3	4	4	5	2	1	4	5	1	5	3	4	7	1	6	0	3	2	65	2	8	2	5	6	6	1	4	4	2	9	224	172	371	5	3	2	4	1	4	0	2	6	7	5	3	4	3	1	5	3	5	2	3	4	35	41	8	0	3	4	3	9	5	6	5	3	8	3	3	5	2	2	4	1	6	5	5	6	4	6	11	6	4	5	4	5	7	3	5	3	20	9	6	4	9	6	2	2	4	3	2	5	2	1	3	4	3	6	7	8	7	5	4	4	9	5	3	3	5	8	1	1	5	5	6	9	4	2	4
G[T>A]A	T>A	1	0	0	0	0	0	1	0	1	2	0	0	0	0	1	0	0	0	24	0	1	1	1	2	0	1	0	2	0	1	1	3	1	0	0	1	0	0	0	0	0	0	3	1	0	0	0	0	0	0	0	0	0	0	3	2	1	1	0	0	1	2	2	2	1	1	2	1	2	2	2	0	1	1	0	0	0	0	1	0	1	1	0	2	1	2	0	1	1	0	11	1	2	0	1	1	1	3	0	0	0	0	0	1	1	1	0	0	3	4	0	0	2	1	0	0	0	1	1	3	0	0	0	1	2	0	1	1	0
G[T>A]C	T>A	0	0	2	1	0	1	0	2	0	0	0	0	0	0	0	0	0	1	26	0	0	0	3	2	1	0	1	3	0	0	3	4	4	0	0	0	0	1	0	0	1	0	2	0	0	1	0	0	1	0	0	1	1	1	7	7	0	1	0	0	1	1	1	1	0	0	0	1	0	0	0	0	0	0	0	2	1	0	0	1	0	0	1	0	1	1	0	0	0	0	7	0	1	0	0	0	0	0	2	0	0	1	0	1	1	0	1	0	2	3	0	1	0	1	0	0	0	2	0	2	0	0	1	1	0	1	2	0	0
G[T>A]G	T>A	0	1	2	2	0	0	0	0	0	0	2	3	0	1	0	1	1	0	31	1	0	1	0	0	0	0	0	1	0	0	3	4	4	0	1	0	1	0	1	0	0	1	4	2	0	0	0	0	0	2	0	1	0	0	3	4	1	0	0	0	1	0	0	1	3	1	2	0	0	1	1	0	1	1	1	1	0	1	0	3	3	2	1	0	0	2	0	2	0	1	6	2	1	0	1	1	1	0	1	1	0	1	0	0	0	0	0	0	3	1	1	0	2	2	1	0	0	0	0	1	2	0	0	1	1	1	1	1	0
G[T>A]T	T>A	2	2	0	1	1	3	1	0	1	2	2	0	5	1	0	0	1	3	24	0	0	0	0	3	3	1	0	1	0	1	7	11	12	1	1	2	0	0	0	1	0	0	0	0	2	1	2	0	1	0	1	0	0	1	7	11	0	0	1	1	1	1	2	2	3	2	4	1	0	1	2	1	0	0	1	0	0	2	0	2	5	2	2	1	1	1	1	0	2	0	8	4	1	0	0	0	0	0	0	4	2	0	0	0	1	3	2	1	1	4	1	1	0	0	0	0	2	2	4	1	3	1	2	3	0	2	0	1	1
G[T>C]A	T>C	4	3	2	3	2	0	1	1	2	1	1	3	2	1	1	0	2	1	29	0	0	0	5	1	1	2	1	1	0	3	49	41	75	4	1	4	2	1	3	0	0	3	2	2	2	1	2	0	0	3	1	0	0	2	104	93	6	1	3	0	3	3	1	0	2	2	1	1	0	0	0	1	0	1	2	2	1	0	0	5	2	0	1	2	2	0	2	3	1	1	18	2	3	1	0	2	3	0	2	0	1	0	0	0	2	2	1	3	7	4	2	2	2	2	4	1	1	0	3	2	1	0	0	5	3	4	1	3	0
G[T>C]C	T>C	0	1	0	1	0	1	0	0	0	1	2	0	2	0	0	0	2	0	12	0	0	2	0	0	0	2	0	0	2	1	26	15	54	1	1	2	0	1	1	1	1	3	0	1	0	0	2	1	0	0	0	0	0	0	50	34	0	2	1	0	2	3	1	3	0	4	0	1	1	2	1	0	0	1	0	1	1	1	0	3	1	0	0	1	2	2	0	2	1	1	7	1	1	0	1	1	0	1	2	0	3	2	0	0	4	0	3	1	2	2	1	2	3	0	0	0	2	3	1	0	0	2	0	1	2	1	0	1	1
G[T>C]G	T>C	2	2	0	1	1	2	0	0	0	2	4	1	0	1	2	1	1	0	14	0	1	1	1	2	2	1	0	1	1	0	50	76	88	1	1	3	4	0	3	0	1	1	2	1	2	1	4	1	2	2	0	3	2	4	67	88	0	0	1	0	0	0	2	1	1	0	0	0	1	2	1	0	0	2	2	2	1	3	1	4	4	1	1	1	0	0	2	4	1	0	7	4	1	0	0	1	0	0	1	1	0	0	1	2	1	1	0	3	2	2	0	3	1	1	3	1	0	1	2	0	0	1	0	2	2	2	4	0	2
G[T>C]T	T>C	2	5	4	2	2	0	4	1	2	0	1	2	1	0	1	1	1	2	24	2	2	0	3	1	1	3	1	2	1	1	25	19	38	1	1	1	2	3	2	2	1	0	0	6	4	1	0	1	3	3	1	4	0	3	57	43	4	2	1	0	1	2	1	0	5	1	0	0	2	1	1	0	0	1	2	0	2	1	4	2	2	0	0	1	1	3	1	5	3	3	9	5	5	2	1	1	3	1	0	2	1	1	1	2	3	1	0	2	1	4	1	2	1	1	3	0	2	1	2	3	3	1	1	5	3	2	2	0	0
G[T>G]A	T>G	0	0	0	1	0	0	0	0	0	0	0	0	0	0	0	0	0	0	12	0	0	1	0	0	0	0	0	0	0	0	0	0	1	0	1	1	0	1	2	0	1	0	2	0	0	1	0	0	0	1	0	0	0	0	0	2	0	0	0	0	0	1	0	0	0	1	1	1	0	0	0	0	0	0	0	0	0	0	0	0	1	0	1	0	0	1	0	0	0	0	2	0	0	0	1	0	0	0	0	0	0	0	1	0	1	1	0	0	1	2	0	0	0	0	0	0	0	1	0	0	0	0	0	0	0	0	0	0	1
G[T>G]C	T>G	0	3	0	1	0	0	0	0	0	1	1	0	0	0	1	0	0	0	4	0	0	0	0	0	0	0	0	0	0	2	2	1	1	1	1	0	0	0	0	0	0	0	0	0	0	0	0	0	0	1	0	0	0	0	2	1	1	1	0	0	0	0	0	2	0	0	0	0	0	1	0	0	0	1	0	0	0	0	1	1	0	0	0	0	0	0	0	0	1	0	4	0	0	1	0	0	1	0	0	0	0	0	0	0	0	0	2	0	0	1	0	0	0	0	0	0	0	0	1	1	0	0	0	0	0	0	0	0	0
G[T>G]G	T>G	0	0	1	0	1	0	0	2	0	0	0	0	0	2	0	0	0	0	17	0	1	0	0	2	0	0	0	2	1	0	1	1	2	0	1	0	1	0	1	1	0	0	1	0	0	2	0	1	0	1	1	1	2	0	2	4	0	0	1	0	0	0	0	0	0	0	0	0	0	0	0	0	0	0	1	0	0	0	0	0	1	0	0	0	0	0	0	0	0	0	6	4	0	0	0	1	0	0	0	0	1	0	0	0	1	0	0	0	1	0	0	1	0	0	0	0	0	1	1	1	0	0	0	1	1	2	1	0	1
G[T>G]T	T>G	1	0	0	3	1	1	1	0	0	0	1	1	2	0	1	0	3	2	14	0	0	0	1	0	0	2	0	2	0	3	3	5	7	1	1	0	1	0	0	1	0	0	1	0	0	0	2	1	1	2	0	1	0	2	10	6	0	0	0	0	1	0	0	0	0	1	0	2	0	1	0	0	0	1	2	0	1	1	3	3	1	1	0	0	0	2	0	0	0	1	4	2	0	0	0	0	0	0	0	0	3	0	0	0	2	0	2	0	2	0	1	0	0	1	1	0	1	2	1	0	0	0	0	1	2	1	3	0	1
T[C>A]A	C>A	24	27	39	38	23	28	26	32	15	29	20	20	15	18	20	8	48	25	102	22	31	25	34	14	25	30	25	45	21	35	33	31	40	23	26	21	41	18	47	9	46	75	34	25	22	26	13	26	23	19	27	17	23	31	31	20	29	28	22	21	10	18	29	28	29	26	28	16	18	23	16	9	10	25	28	22	16	26	17	23	33	14	21	16	23	26	24	23	56	25	43	19	36	17	29	25	24	14	34	42	31	22	10	22	26	30	23	24	42	59	24	50	21	14	49	23	36	30	37	14	29	12	23	29	25	30	24	32	40
T[C>A]C	C>A	8	14	11	18	9	12	9	6	8	18	3	3	5	7	8	1	13	7	69	13	11	10	7	2	9	10	12	13	11	10	24	22	43	13	10	8	17	4	11	4	12	26	6	6	6	5	3	11	5	5	5	6	13	12	19	19	5	5	10	2	4	4	5	12	7	2	10	8	13	11	3	6	5	13	15	15	11	13	8	9	12	11	5	6	7	15	8	7	11	5	29	13	7	3	11	5	7	5	9	14	10	13	4	3	12	8	9	14	17	16	11	16	10	9	14	5	10	8	13	9	8	8	6	22	5	3	13	8	11
T[C>A]G	C>A	0	4	2	4	1	1	4	1	1	4	2	2	2	1	1	1	0	3	14	3	3	2	4	1	2	2	2	4	3	3	5	3	13	2	3	1	2	0	4	2	6	11	6	3	2	6	2	0	4	1	5	3	5	3	3	9	0	1	0	3	1	1	1	2	2	1	5	1	3	3	2	3	2	1	1	2	2	6	4	0	1	2	1	1	2	5	1	1	1	1	8	3	0	0	2	2	0	2	3	4	1	2	2	2	1	4	3	3	4	10	1	2	2	0	7	6	0	5	3	4	0	2	2	2	4	7	2	2	4
T[C>A]T	C>A	32	54	67	93	33	41	49	61	27	64	40	36	42	21	45	9	86	50	133	44	52	55	75	39	36	71	52	88	65	51	104	80	209	51	53	65	75	33	64	17	86	147	46	51	50	42	24	23	40	46	45	41	47	71	83	78	46	64	40	36	56	41	48	56	45	64	75	33	38	47	47	44	23	59	67	60	56	68	67	56	64	45	38	38	56	71	47	55	93	56	68	22	54	33	63	34	45	53	58	65	43	52	35	41	51	50	52	50	80	119	38	59	68	46	76	45	51	54	94	48	50	32	52	63	52	58	49	57	71
T[C>G]A	C>G	2	1	2	2	1	3	2	0	0	2	0	1	0	1	3	0	3	1	39	1	2	1	0	5	0	1	1	1	1	1	1	2	4	2	2	1	0	1	1	0	0	1	1	3	4	0	3	0	1	2	1	1	0	1	5	3	3	0	0	0	2	3	2	0	3	4	3	2	2	1	2	0	1	3	1	1	1	0	1	6	8	4	0	2	1	1	2	2	2	2	14	8	1	1	1	1	2	0	2	2	2	4	2	2	1	1	0	4	3	7	2	1	1	2	2	2	1	1	2	2	0	1	0	3	2	3	2	1	4
T[C>G]C	C>G	0	0	2	1	0	1	0	0	0	0	3	0	1	0	1	1	2	2	19	4	0	0	0	1	0	0	2	3	1	0	2	3	4	0	4	1	1	0	0	1	1	0	1	4	0	0	2	0	0	1	1	2	1	0	9	1	0	1	0	1	0	0	1	1	0	0	1	0	0	2	0	0	0	0	0	1	0	2	1	6	4	1	0	4	1	0	1	1	1	1	13	2	7	0	1	1	1	3	3	0	0	1	2	1	0	1	0	2	1	5	2	1	3	0	3	0	1	0	0	0	2	1	1	0	1	1	5	0	2
T[C>G]G	C>G	1	1	2	1	0	0	2	1	1	1	1	2	0	0	1	0	1	1	11	0	0	1	0	2	1	0	0	2	1	2	0	0	1	1	1	0	1	0	0	1	0	1	1	0	1	1	0	0	0	0	1	0	1	1	1	1	0	2	0	0	1	0	0	2	0	1	0	0	0	0	1	1	0	0	0	0	0	0	0	0	1	0	0	0	1	4	3	0	1	1	7	2	0	0	1	0	2	0	2	1	1	0	0	1	0	1	0	1	2	1	0	0	0	1	1	0	1	0	0	0	0	0	0	0	0	0	0	0	2
T[C>G]T	C>G	1	4	6	3	2	3	0	3	0	1	1	0	4	0	4	2	5	5	45	4	4	3	1	1	4	1	2	4	0	0	9	8	11	2	0	0	6	2	1	1	3	2	4	4	1	1	2	1	0	6	1	1	2	3	7	5	5	2	3	1	1	4	0	2	4	3	2	3	5	2	2	1	4	2	2	0	3	8	2	5	4	5	1	1	1	3	1	2	4	2	30	9	3	1	1	2	4	2	2	0	2	3	1	3	5	2	1	0	7	6	3	0	4	0	2	0	6	0	8	6	2	5	1	1	2	3	1	0	5
T[C>T]A	C>T	5	9	11	12	6	4	7	8	3	12	3	3	10	6	7	2	3	2	85	8	10	7	7	9	7	8	7	12	9	8	42	45	85	6	8	7	12	5	11	2	5	15	7	4	9	5	7	5	6	6	8	9	10	20	24	13	8	10	4	7	5	9	4	7	5	10	6	3	5	12	4	3	5	11	10	4	7	13	11	14	13	10	9	5	9	12	9	7	15	5	36	7	8	8	6	10	7	4	7	5	6	9	5	8	7	12	7	8	9	13	5	9	6	6	7	7	6	7	13	10	6	6	4	24	11	11	9	7	9
T[C>T]C	C>T	9	6	9	5	3	8	8	1	3	9	3	2	9	6	3	3	5	7	47	4	8	6	3	6	5	5	7	7	7	9	48	38	62	4	5	6	13	6	8	1	5	10	5	7	2	3	4	8	4	4	5	4	2	9	16	23	9	7	6	3	4	5	4	7	8	6	0	4	1	6	4	4	5	3	6	6	3	8	4	7	5	4	7	3	4	4	6	2	8	5	21	7	7	2	13	6	7	2	7	2	5	5	1	6	8	5	7	3	18	13	5	11	6	4	3	4	5	3	6	7	1	4	3	7	6	15	6	8	8
T[C>T]G	C>T	1	6	4	6	3	3	5	3	2	4	1	2	0	4	7	0	5	6	25	1	1	2	4	2	2	4	4	6	1	1	44	34	69	2	2	1	10	2	3	0	3	5	8	3	1	7	2	4	5	6	1	4	19	9	10	11	2	6	9	1	1	4	0	4	2	6	3	0	2	7	4	1	2	4	6	3	2	6	2	6	5	2	3	3	3	8	4	5	6	5	7	8	2	1	2	3	2	5	5	6	4	3	2	3	5	4	2	3	8	13	1	4	4	6	5	2	5	2	8	7	5	2	2	7	3	7	11	4	6
T[C>T]T	C>T	6	2	6	6	3	2	8	2	5	4	2	2	2	5	5	3	5	9	56	2	5	7	7	7	3	6	1	3	3	7	48	49	73	2	3	4	3	2	7	0	4	8	4	10	3	5	2	0	4	10	7	4	3	5	25	19	6	7	6	2	4	3	5	7	5	5	0	1	4	2	5	2	2	4	5	5	4	5	3	9	13	6	4	2	5	8	4	3	9	3	19	11	8	1	4	1	0	5	8	5	7	3	4	6	7	3	7	0	7	11	4	2	0	8	2	3	6	5	13	5	3	4	1	15	6	9	5	6	5
T[T>A]A	T>A	0	2	2	4	2	2	2	2	0	7	3	1	6	1	2	1	0	5	65	5	3	7	2	2	2	6	4	2	4	3	16	11	21	4	3	2	4	5	4	0	6	1	7	1	1	2	0	2	1	5	0	2	2	4	23	30	4	5	1	3	4	1	3	3	2	4	4	3	4	4	5	3	3	4	2	6	4	2	3	3	6	2	3	7	3	10	3	0	3	3	16	9	4	1	3	1	2	1	4	4	4	5	0	3	6	1	6	1	9	10	2	3	5	1	3	2	2	3	7	3	2	2	7	10	3	2	1	2	2
T[T>A]C	T>A	3	1	0	0	1	2	2	4	0	0	1	2	0	0	4	1	1	1	55	2	1	1	2	5	1	0	1	2	1	1	3	5	2	0	0	2	1	1	2	2	1	4	1	1	1	0	0	0	1	0	1	1	0	1	4	2	1	1	1	0	0	1	3	2	1	2	2	1	0	0	1	0	0	0	0	0	0	2	0	6	1	1	1	0	1	2	2	0	0	4	19	5	2	0	2	1	1	0	0	1	1	0	0	0	1	2	0	0	1	3	1	1	2	1	1	0	1	0	2	1	1	1	0	1	2	3	1	1	1
T[T>A]G	T>A	1	3	2	4	2	1	4	4	0	0	1	1	1	1	0	0	0	1	40	1	1	1	2	1	0	1	0	1	3	1	3	3	5	0	1	1	1	1	0	0	3	2	1	1	2	1	1	0	1	2	0	2	1	2	2	2	3	2	1	0	2	4	4	2	2	1	4	2	1	1	3	0	1	0	3	0	0	0	2	5	0	1	1	3	3	2	2	1	3	1	12	2	0	0	2	0	1	3	1	5	1	2	1	0	3	2	2	2	3	2	1	0	2	0	1	1	0	0	1	0	1	1	0	2	2	1	0	1	1
T[T>A]T	T>A	2	2	3	2	4	5	2	5	2	2	3	2	1	0	4	1	4	3	65	3	3	0	3	4	3	2	4	6	1	6	11	13	26	5	2	0	0	2	5	0	2	3	3	2	1	1	3	0	3	4	1	1	2	5	17	24	1	5	1	1	1	1	4	6	2	5	6	3	0	4	4	1	0	2	4	2	1	6	1	7	5	0	0	1	0	4	5	2	2	2	20	13	4	2	4	1	1	3	4	2	5	2	0	2	4	3	0	1	3	8	3	3	5	2	7	4	3	6	4	5	5	0	4	3	1	5	6	2	3
T[T>C]A	T>C	5	6	4	9	4	3	9	6	0	5	4	7	6	4	7	5	9	15	100	2	9	8	12	17	8	3	4	7	4	1	42	37	99	6	6	5	7	5	8	0	2	7	10	7	5	5	2	5	3	7	4	5	2	1	102	109	11	6	1	1	8	7	7	5	11	5	6	7	4	6	2	0	4	6	6	5	1	10	6	10	22	3	5	2	4	3	3	7	11	5	34	17	1	5	6	4	10	3	9	10	1	2	2	2	3	5	6	6	14	17	4	4	7	7	7	6	10	4	12	8	3	7	6	11	7	10	2	9	10
T[T>C]C	T>C	0	1	2	1	0	2	2	1	1	3	2	1	0	1	1	0	1	1	20	1	2	1	2	2	0	3	3	2	1	2	36	30	80	1	3	0	3	4	1	1	0	5	0	2	1	3	2	1	0	3	2	2	1	2	92	86	1	1	1	0	1	1	0	3	0	1	2	3	2	4	5	2	1	0	2	0	1	4	0	5	1	1	0	0	1	2	0	1	3	0	5	3	1	1	2	0	1	2	2	0	3	0	2	0	3	1	0	0	2	3	2	0	2	0	2	2	1	0	3	2	0	0	3	5	0	1	5	4	1
T[T>C]G	T>C	2	3	2	2	1	1	3	2	4	1	5	4	1	2	3	0	0	2	36	0	2	3	2	4	3	3	1	4	2	3	68	60	96	1	1	1	3	2	1	3	2	4	3	0	2	1	1	7	0	2	2	4	3	2	84	120	3	1	2	1	2	2	6	3	3	3	4	3	1	4	2	2	0	4	0	1	2	2	2	5	2	2	1	3	1	4	2	1	0	2	9	2	1	1	2	1	2	3	2	2	2	2	1	1	3	2	0	2	4	10	2	4	2	1	1	3	2	0	3	4	2	0	2	2	2	2	2	1	1
T[T>C]T	T>C	5	5	6	7	6	4	6	6	1	5	5	1	4	2	9	3	5	4	53	2	6	2	2	7	6	4	4	4	4	2	45	48	67	3	3	5	2	7	4	1	0	7	6	5	1	2	3	4	2	2	4	3	4	7	84	79	2	5	1	3	2	5	7	7	3	5	6	3	4	7	0	4	1	3	7	1	1	3	3	9	10	5	1	1	1	3	4	4	6	7	31	4	4	5	2	2	4	1	6	5	0	5	0	4	9	2	4	4	6	11	4	5	2	5	5	1	9	3	9	3	4	1	3	10	4	7	4	4	6
T[T>G]A	T>G	1	1	1	0	2	0	0	0	4	0	3	1	0	0	2	0	2	2	23	0	0	1	2	0	0	0	0	0	0	1	0	2	1	0	1	0	0	2	1	1	0	4	1	2	2	0	0	3	0	1	0	1	0	2	0	3	1	0	0	0	0	2	1	3	1	2	0	1	1	2	0	2	2	3	0	0	1	1	0	2	3	1	2	1	0	1	2	0	4	0	5	1	0	1	2	3	1	1	1	0	1	1	2	1	0	0	2	2	0	1	0	1	0	0	2	0	1	0	2	0	1	0	1	0	0	2	1	0	2
T[T>G]C	T>G	1	1	0	1	1	0	0	1	0	0	1	1	0	0	1	0	0	0	12	1	3	0	1	0	4	1	0	1	0	2	5	3	1	0	0	0	0	0	1	0	0	0	1	0	0	0	0	2	1	0	0	0	2	1	5	3	0	0	0	1	2	3	0	1	1	0	0	0	0	0	0	1	1	0	0	2	0	0	0	1	3	0	1	1	0	0	1	0	1	1	8	0	1	3	0	2	1	0	1	2	2	2	0	1	0	0	0	0	0	2	1	1	0	1	0	1	1	1	1	0	0	0	1	2	1	0	1	0	0
T[T>G]G	T>G	0	3	2	0	1	2	0	0	0	3	0	0	1	0	0	1	2	0	22	0	2	0	0	1	0	3	0	4	3	0	10	3	11	2	0	3	0	3	1	0	0	3	3	3	1	1	0	0	1	0	0	1	1	2	9	8	2	2	2	1	0	0	1	1	2	1	2	1	3	0	1	2	0	1	0	0	2	4	1	0	5	0	0	3	1	1	2	1	0	1	9	1	0	0	0	1	0	0	2	0	1	0	0	4	1	3	3	1	5	3	0	0	0	1	0	1	5	1	1	1	2	1	1	5	3	4	3	2	2
T[T>G]T	T>G	3	3	3	3	1	4	3	2	0	3	3	3	4	2	4	2	6	1	36	3	3	2	3	1	1	4	4	5	7	4	5	12	16	3	2	2	2	1	2	3	2	5	1	1	2	3	1	0	0	4	1	1	0	4	13	8	4	3	2	1	3	1	2	5	2	1	6	2	3	3	6	2	4	1	2	1	2	8	4	8	7	2	2	2	2	1	1	3	4	3	21	5	0	2	7	6	3	1	5	1	3	2	2	4	3	3	2	3	4	9	2	4	2	2	5	1	3	0	5	1	1	2	1	6	6	8	3	2	1
